Calque111920
Z:\Documents\GitHub\honeyrun\src\TileMapping\images\TileSetRpg.png
60 34 32 32
415 415 415 415 415 415 415 415 415 415 415 415 415 415 415 415 415 415 415 415 415 415 415 415 415 415 415 415 415 415 415 415 415 415 415 415 415 415 415 415 415 415 415 415 415 415 415 415 415 415 415 415 415 415 415 415 415 415 415 415 
415 413 413 413 413 413 413 413 413 413 413 413 413 413 413 413 413 413 413 413 413 413 413 413 413 413 413 413 413 413 413 413 413 413 413 413 413 413 413 413 413 413 413 413 413 413 413 413 413 413 413 413 413 413 413 413 413 413 413 415 
415 413 418 418 413 413 413 413 415 413 413 413 413 413 413 413 413 413 413 413 413 413 413 413 413 413 413 413 413 413 413 413 413 413 413 413 413 413 413 413 413 413 413 413 413 413 413 413 413 413 413 415 413 413 413 413 417 417 413 415 
415 413 418 418 413 413 413 415 413 413 413 413 413 413 413 413 413 413 413 413 413 413 413 413 413 413 413 413 415 413 413 415 413 413 413 413 413 413 413 413 413 413 413 413 413 413 413 413 413 413 413 413 415 413 413 413 417 417 413 415 
415 413 413 413 413 413 413 413 413 413 413 413 413 413 413 413 413 413 413 413 413 413 413 413 413 413 413 413 415 414 414 415 413 413 413 413 413 413 413 413 413 413 413 413 413 413 413 413 413 413 413 413 413 413 413 413 413 413 413 415 
415 413 413 413 413 413 413 413 413 413 413 413 413 413 413 413 413 413 413 413 413 413 413 413 413 413 413 413 415 413 413 415 413 413 413 413 413 413 413 413 413 413 413 413 413 413 413 413 413 413 413 413 413 413 413 413 413 413 413 415 
415 413 413 413 413 413 413 413 413 413 413 413 413 413 413 413 413 413 413 413 413 413 413 413 413 413 413 413 413 415 415 413 413 413 413 413 413 413 413 413 413 413 413 413 413 413 413 413 413 413 413 413 413 413 413 413 413 413 413 415 
415 413 413 413 413 413 413 413 413 413 413 413 413 413 413 413 413 413 413 413 413 413 413 413 413 413 413 413 413 413 413 413 413 413 413 413 413 413 413 413 413 413 413 413 413 413 413 413 413 413 413 413 413 413 413 413 413 413 413 415 
415 413 413 413 413 413 413 413 415 415 413 413 413 413 413 413 413 413 413 413 413 413 413 413 413 413 413 413 413 413 413 413 413 413 413 413 413 413 413 413 413 413 413 413 413 413 413 413 413 413 413 413 413 413 413 413 413 413 413 415 
415 413 413 413 413 413 413 413 415 415 413 413 413 413 413 413 413 413 414 414 414 413 413 413 413 413 413 413 413 413 413 413 413 413 413 413 413 413 413 414 414 414 413 413 413 413 413 415 415 415 415 415 413 413 413 413 413 413 413 415 
415 413 413 413 413 413 413 413 413 413 413 413 413 413 413 413 413 413 414 414 414 413 413 413 413 413 413 413 413 413 413 413 413 413 413 413 413 413 413 414 414 414 413 413 413 413 413 415 415 415 415 415 413 413 413 413 413 413 413 415 
415 413 413 413 413 413 413 413 413 413 413 413 413 413 413 413 413 413 414 414 413 413 415 415 415 415 415 415 415 415 415 415 415 415 415 415 415 415 413 413 414 414 413 413 413 413 413 415 415 415 415 415 413 413 413 413 413 413 413 415 
415 413 413 413 413 413 413 413 413 413 413 413 413 413 413 413 413 413 413 413 413 413 413 413 413 413 413 413 413 413 413 413 413 413 413 413 413 413 413 413 413 413 413 413 413 413 413 415 415 415 415 415 415 415 413 413 413 413 413 415 
415 413 413 413 413 413 413 413 413 413 413 413 413 413 413 413 413 413 413 413 415 413 413 413 413 415 413 413 413 415 415 413 413 413 415 413 413 413 413 415 413 413 413 413 413 413 413 413 415 415 415 415 415 415 415 413 413 413 413 415 
415 413 413 413 413 413 413 413 413 413 413 413 413 413 413 413 413 413 413 413 415 413 415 413 413 413 413 413 413 413 413 413 413 413 413 413 413 415 413 415 413 413 413 413 413 413 413 413 415 415 415 415 415 415 415 413 413 413 413 415 
415 413 413 413 413 413 413 413 413 413 413 413 413 413 413 413 413 413 413 413 415 413 413 413 413 413 413 415 413 413 413 413 415 413 413 413 413 413 413 415 413 413 413 413 413 413 413 413 415 415 415 415 415 415 415 413 413 413 413 415 
415 413 413 413 415 415 415 415 413 413 413 413 413 413 413 413 413 413 413 413 415 413 413 413 415 413 413 415 413 413 413 413 415 413 413 415 413 413 413 415 413 413 413 413 413 413 413 413 413 413 415 415 415 415 415 413 413 413 413 415 
415 413 413 413 415 415 415 415 415 413 413 413 413 413 413 413 413 413 413 413 415 413 413 413 415 413 413 415 413 413 413 413 415 413 413 415 413 413 413 415 413 413 413 413 413 413 413 413 413 413 413 413 413 413 413 413 413 413 413 415 
415 413 413 413 415 415 415 415 415 413 413 413 413 413 413 413 413 413 413 413 415 413 413 413 413 413 413 415 413 413 413 413 415 413 413 413 413 413 413 415 413 413 413 413 413 413 413 413 413 413 413 413 413 413 413 413 413 413 413 415 
415 413 413 413 415 415 415 415 415 413 413 413 413 413 413 413 413 413 413 413 415 413 415 413 413 413 413 413 413 413 413 413 413 413 413 413 413 415 413 415 413 413 413 413 413 413 413 413 413 413 413 413 413 413 413 413 413 413 413 415 
415 413 413 413 415 415 415 415 415 415 413 413 413 413 413 413 413 413 413 413 415 413 413 413 413 415 413 413 413 415 415 413 413 413 415 413 413 413 413 415 413 413 413 413 413 413 413 413 413 413 413 413 413 413 413 413 413 413 413 415 
415 413 413 413 415 415 415 415 415 415 415 413 413 413 413 413 413 413 413 413 413 413 413 413 413 413 413 413 413 413 413 413 413 413 413 413 413 413 413 413 413 413 413 413 413 413 413 413 413 415 415 413 413 413 413 413 413 413 413 415 
415 413 413 413 413 415 415 415 415 415 415 413 413 413 413 413 413 413 414 414 413 413 415 415 415 415 415 415 415 415 415 415 415 415 415 415 415 415 413 413 414 414 413 413 413 413 413 413 413 415 415 413 413 413 413 413 413 413 413 415 
415 413 413 413 413 413 415 415 415 415 415 413 413 413 413 413 413 413 414 414 414 413 413 413 413 413 413 413 413 413 413 413 413 413 413 413 413 413 413 414 414 414 413 413 413 413 413 413 413 413 413 413 413 413 413 413 413 413 413 415 
415 413 413 413 413 413 413 415 415 415 415 413 413 413 413 413 413 413 414 414 414 413 413 413 413 413 413 413 413 413 413 413 413 413 413 413 413 413 413 414 414 414 413 413 413 413 413 413 413 413 413 413 413 413 413 413 413 413 413 415 
415 413 413 413 413 413 413 413 413 413 413 413 413 413 413 413 413 413 413 413 413 413 413 413 413 413 413 413 413 413 413 413 413 413 413 413 413 413 413 413 413 413 413 413 413 413 413 413 413 413 413 413 413 413 413 413 413 413 413 415 
415 413 413 413 413 413 413 413 413 413 413 413 413 413 413 413 413 413 413 413 413 413 413 413 413 413 413 413 413 413 413 413 413 413 413 413 413 413 413 413 413 413 413 413 413 413 413 413 413 413 413 413 413 413 413 413 413 413 413 415 
415 413 413 413 413 413 413 413 413 413 413 413 413 413 413 413 413 413 413 413 413 413 413 413 413 413 413 413 413 415 415 413 413 413 413 413 413 413 413 413 413 413 413 413 413 413 413 413 413 413 413 413 413 413 413 413 413 413 413 415 
415 413 413 413 413 413 413 413 413 413 413 413 413 413 413 413 413 413 413 413 413 413 413 413 413 413 413 413 415 413 413 415 413 413 413 413 413 413 413 413 413 413 413 413 413 413 413 413 413 413 413 413 413 413 413 413 413 413 413 415 
415 413 413 413 413 413 413 413 413 413 413 413 413 413 413 413 413 413 413 413 413 413 413 413 413 413 413 413 415 414 414 415 413 413 413 413 413 413 413 413 413 413 413 413 413 413 413 413 413 413 413 413 413 413 413 413 413 413 413 415 
415 413 419 419 413 413 413 415 413 413 413 413 413 413 413 413 413 413 413 413 413 413 413 413 413 413 413 413 415 413 413 415 413 413 413 413 413 413 413 413 413 413 413 413 413 413 413 413 413 413 413 413 415 413 413 413 416 416 413 415 
415 413 419 419 413 413 413 413 415 413 413 413 413 413 413 413 413 413 413 413 413 413 413 413 413 413 413 413 413 413 413 413 413 413 413 413 413 413 413 413 413 413 413 413 413 413 413 413 413 413 413 415 413 413 413 413 416 416 413 415 
415 413 413 413 413 413 413 413 413 413 413 413 413 413 413 413 413 413 413 413 413 413 413 413 413 413 413 413 413 413 413 413 413 413 413 413 413 413 413 413 413 413 413 413 413 413 413 413 413 413 413 413 413 413 413 413 413 413 413 415 
415 415 415 415 415 415 415 415 415 415 415 415 415 415 415 415 415 415 415 415 415 415 415 415 415 415 415 415 415 415 415 415 415 415 415 415 415 415 415 415 415 415 415 415 415 415 415 415 415 415 415 415 415 415 415 415 415 415 415 415 
